203 500
9 17
178 185
163 170
88 92
135 138
192 201
14 25
203 8
60 68
45 53
95 105
160 171
185 187
6 11
191 198
202 3
158 168
179 188
142 150
38 42
142 147
83 94
49 58
84 90
150 152
116 124
155 157
149 154
110 112
79 82
3 10
19 28
179 186
202 10
186 195
153 160
24 31
39 48
40 46
143 145
176 186
27 37
89 95
22 25
51 62
55 57
139 149
176 180
159 167
194 2
173 175
25 35
100 103
29 33
74 78
126 134
152 154
98 101
50 61
161 172
181 192
116 125
11 14
193 200
23 32
33 41
48 53
114 121
9 14
47 53
36 39
54 65
46 57
186 196
67 74
158 169
82 87
124 131
84 87
187 194
19 29
24 34
35 37
176 178
76 82
89 95
116 124
57 60
53 60
53 61
108 111
127 137
3 12
41 44
85 92
155 164
2 7
95 105
111 114
5 16
49 55
19 24
161 171
85 87
40 50
92 102
70 79
96 104
190 195
84 89
85 96
137 144
175 177
47 58
58 66
194 198
33 39
195 1
176 182
166 169
177 187
84 89
198 5
41 45
37 39
15 18
121 123
169 176
142 150
136 144
193 200
27 35
24 34
141 150
58 64
136 144
82 93
202 1
158 161
186 189
125 127
75 81
74 79
96 99
181 189
137 142
43 53
118 125
145 153
24 26
83 89
158 162
138 147
166 174
121 131
8 12
107 111
176 187
48 50
156 165
22 25
84 88
12 19
56 67
181 187
80 83
201 7
186 196
79 81
152 162
55 61
129 140
167 170
102 108
132 136
165 167
105 112
143 154
5 9
198 203
38 40
4 6
200 203
96 104
97 104
33 39
129 140
72 80
22 29
66 70
152 158
66 73
200 6
133 138
129 135
111 122
127 131
127 135
26 29
161 171
191 202
198 5
78 88
172 182
165 175
12 17
190 200
130 136
173 181
150 161
111 119
61 70
97 99
84 89
168 177
169 173
160 167
32 40
155 165
59 70
199 201
193 196
72 78
94 103
140 150
139 143
22 31
7 12
109 113
202 4
94 97
192 202
90 93
10 16
185 189
120 129
100 111
88 94
190 201
174 181
146 148
136 139
32 43
45 55
195 202
176 182
173 175
60 62
146 157
25 29
99 103
30 39
13 16
128 139
20 27
88 97
171 177
91 99
125 134
138 148
141 151
126 134
34 42
94 100
180 184
195 3
22 24
199 201
63 65
200 2
147 156
172 180
67 74
75 77
157 168
195 3
46 52
129 132
24 29
147 157
63 71
167 173
122 131
81 83
7 16
155 166
124 134
193 198
146 156
103 112
203 5
119 129
173 179
49 60
155 166
122 132
131 141
60 65
6 9
159 169
180 191
91 102
197 202
12 18
108 117
163 167
133 135
114 117
11 18
21 30
117 120
141 144
152 155
185 187
100 102
94 101
10 18
102 106
25 36
67 73
153 155
201 1
30 34
147 158
198 2
167 173
31 36
44 55
64 70
61 64
128 130
36 38
62 69
66 77
11 14
180 186
84 91
5 11
176 186
79 89
41 45
4 8
72 74
179 185
35 40
95 100
154 160
59 64
193 202
60 67
15 26
89 93
138 147
138 145
170 173
2 7
184 194
79 82
182 192
150 158
53 60
175 185
97 103
143 146
116 123
178 183
163 166
154 156
81 86
132 140
27 38
55 57
102 110
188 197
112 115
55 57
138 145
93 103
18 22
6 14
160 163
189 195
5 14
179 181
116 120
95 97
167 176
74 76
41 47
107 111
156 162
77 84
150 156
47 52
127 135
60 70
197 201
203 5
72 82
45 51
174 178
88 95
48 57
201 7
183 191
167 177
25 30
187 192
134 145
100 108
7 9
141 151
92 102
126 134
3 10
110 113
70 81
110 112
82 88
131 142
137 147
121 126
96 102
57 68
23 32
47 52
75 78
195 199
49 56
90 101
47 53
24 27
119 128
159 162
1 6
186 191
180 183
21 28
133 140
61 65
30 33
146 150
53 56
197 1
180 190
152 163
4 13
28 36
68 77
45 54
31 35
131 139
56 58
5 8
190 198
65 67
135 140
10 18
70 72
48 55
48 59
198 200
96 98
136 141
170 180
120 123
171 178
133 140
123 125
137 142
164 168
52 54
171 180
5 13
26 29
9 20
176 186
86 96
153 155
120 129
125 133
42 46
46 55
40 51
107 115
1 10
100 107
88 98
75 82
30 37
106 116
98 108
170 175
34 43
127 131
201 5
153 160
102 107
175 184
89 92
26
146 150 152 153 154 155 156 159 160 162 163 165 166 167 170 171 173 175 176 177 179 180 181 184 185 186
