599 8000
153 594
278 15
154 180
598 84
104 467
86 202
85 61
416 191
240 418
234 589
251 545
558 495
295 362
376 16
526 12
251 316
7 166
567 397
345 566
118 448
71 203
287 155
500 341
583 140
396 217
367 47
400 325
542 95
324 555
110 487
566 360
204 572
164 408
7 508
12 124
594 320
563 281
474 464
259 95
241 56
549 245
102 349
569 281
81 294
236 190
181 203
187 22
412 350
68 419
496 79
180 128
398 144
46 510
245 305
242 123
360 428
368 99
414 574
380 494
505 16
321 324
455 508
345 268
495 50
324 29
366 141
156 401
521 202
548 166
144 191
526 503
256 294
239 71
268 19
564 174
272 286
135 364
431 117
269 563
167 592
592 532
371 385
333 292
586 519
458 367
110 22
507 365
315 147
73 220
165 38
31 74
560 165
438 29
282 107
591 448
337 583
18 108
7 587
399 592
506 494
360 253
515 267
256 467
51 328
88 453
3 355
526 200
520 2
228 439
346 220
524 83
440 541
427 446
166 463
77 310
358 74
200 510
577 93
16 29
421 340
481 61
95 45
261 252
47 126
91 392
345 15
112 423
193 538
269 596
401 582
306 396
56 143
544 271
236 559
299 294
536 417
354 31
461 252
283 145
378 11
536 360
26 285
183 455
223 452
451 262
72 394
295 128
537 239
398 410
435 334
104 371
151 457
40 249
347 559
394 125
569 567
484 232
490 68
88 350
157 176
12 228
208 544
592 382
420 28
192 256
361 295
264 149
389 540
36 136
499 67
497 107
271 382
338 161
87 63
511 243
239 160
108 446
104 338
228 524
365 57
417 364
351 318
150 377
259 185
513 395
251 48
501 160
429 240
320 153
302 231
33 178
391 141
261 132
478 126
293 480
182 110
244 170
66 32
547 324
216 98
356 105
145 258
264 212
135 583
364 74
452 397
252 480
175 512
249 290
39 542
170 457
52 28
117 83
574 78
535 309
434 40
453 329
540 302
463 162
67 536
14 101
425 131
275 575
379 564
251 321
371 108
11 422
135 364
504 346
442 440
55 513
117 146
479 58
447 342
219 151
515 469
251 341
599 163
553 16
127 204
337 498
311 584
557 84
348 462
429 427
539 122
340 56
504 219
350 588
198 568
140 114
75 28
92 74
191 45
90 554
248 64
452 196
48 410
279 395
509 346
223 448
105 200
141 9
57 491
596 491
97 373
242 172
401 333
482 229
15 209
183 499
509 273
333 556
320 12
589 466
594 449
551 99
286 92
344 579
220 578
471 554
351 113
126 389
84 245
18 335
92 438
235 1
348 567
557 68
216 184
533 211
33 484
546 555
213 528
535 433
506 406
387 494
156 150
284 239
32 538
574 123
14 446
124 361
51 318
66 266
501 236
114 171
357 298
363 570
226 298
41 369
341 65
263 135
451 184
373 482
123 584
6 373
68 366
135 118
84 437
22 222
74 135
30 430
70 392
38 295
328 78
64 306
379 564
440 230
148 451
350 270
73 592
281 141
358 415
495 79
489 516
537 562
289 204
393 358
233 68
291 560
146 591
267 162
555 344
392 104
195 142
11 268
371 291
408 129
343 303
444 233
457 381
432 146
222 462
141 454
530 431
53 76
423 556
237 16
300 266
356 495
45 367
163 415
295 208
181 276
148 25
146 5
43 577
387 264
440 528
119 370
596 171
83 57
127 556
73 64
223 428
558 504
432 358
320 365
203 138
41 351
163 186
592 205
163 18
107 240
183 462
10 179
33 92
236 396
286 545
459 508
11 56
50 443
413 7
208 17
145 485
5 307
308 234
149 470
251 492
111 433
354 357
250 386
87 485
419 372
430 279
517 440
334 566
520 384
573 365
38 118
487 279
62 195
513 447
66 401
340 413
472 94
170 122
118 493
244 536
265 311
452 182
388 423
149 546
208 359
311 245
476 199
524 175
31 75
22 96
113 361
146 584
455 553
343 572
446 586
146 112
534 598
530 323
421 79
269 29
437 217
511 550
53 73
125 84
384 147
416 496
145 200
481 599
153 461
209 236
86 355
584 20
590 515
579 411
593 485
78 69
103 226
256 392
298 381
113 82
165 529
577 309
366 96
546 518
557 392
391 43
384 376
299 374
291 279
423 521
164 500
227 503
126 483
533 61
501 46
379 66
212 356
12 577
90 195
133 284
587 524
563 371
300 262
383 590
178 206
149 579
106 376
482 468
259 53
166 160
99 544
462 547
300 111
525 27
306 58
310 530
219 273
538 518
173 321
146 350
526 295
329 269
308 449
374 566
501 539
363 237
483 462
185 421
210 347
447 515
404 395
83 261
305 22
179 477
342 562
465 506
494 194
175 202
43 187
168 182
126 168
418 10
30 3
68 476
586 514
392 29
546 112
289 252
133 105
366 113
67 231
19 560
63 430
162 342
17 566
523 380
134 342
27 400
581 94
277 568
245 306
596 192
55 522
81 188
27 446
537 94
315 555
291 377
23 453
119 277
57 280
57 428
22 320
465 240
413 379
445 58
322 79
249 377
1 566
564 265
413 501
358 365
94 286
142 353
376 497
30 433
177 323
261 435
43 363
313 93
143 158
151 464
474 37
241 112
4 442
376 54
343 371
418 74
58 197
427 433
331 94
503 508
55 401
580 334
165 293
427 307
89 215
408 562
251 50
311 491
491 88
544 472
96 599
545 390
433 372
224 165
104 364
310 158
166 290
491 330
583 318
274 72
532 82
271 421
368 581
312 260
306 494
369 402
131 314
429 564
324 53
366 427
55 76
222 220
3 113
187 585
69 98
294 238
179 564
296 185
184 246
82 489
140 450
528 270
164 358
471 125
48 474
189 102
549 410
558 552
161 145
175 229
242 469
104 59
71 38
480 254
283 561
381 422
411 309
329 212
304 438
337 589
312 525
91 499
336 287
89 134
69 263
599 548
369 103
7 440
140 124
94 422
85 474
481 495
421 448
344 125
286 81
114 597
244 442
134 217
129 222
350 434
485 349
382 491
89 26
331 466
149 425
288 233
536 407
365 357
255 110
120 540
427 470
175 71
549 309
524 315
168 274
150 53
260 531
182 349
557 512
215 106
574 140
576 511
184 341
505 438
88 262
16 515
133 191
223 82
137 148
397 304
59 546
594 556
477 176
305 72
88 157
178 300
533 154
211 118
132 353
555 457
16 571
372 148
399 232
466 535
17 263
476 313
446 470
269 561
46 211
33 371
367 210
71 300
1 518
417 370
271 373
227 523
581 236
308 380
467 175
552 122
75 428
434 159
536 340
120 581
550 152
589 317
599 297
254 237
452 309
7 361
319 233
284 300
468 592
317 573
404 269
332 478
334 403
37 270
143 393
489 93
545 116
47 182
413 537
418 265
246 425
26 564
295 547
501 164
539 218
374 343
124 106
458 508
133 128
51 525
254 380
108 370
64 289
183 238
345 85
484 170
348 86
464 295
587 265
471 205
39 451
566 144
309 424
289 79
189 576
242 81
356 349
450 57
276 270
295 21
354 416
190 339
139 291
34 126
194 142
568 232
592 534
14 539
595 539
18 421
516 259
501 272
246 351
566 521
258 498
179 250
551 6
588 90
296 260
216 489
401 421
359 394
592 10
333 587
548 587
46 464
247 547
374 130
535 577
288 194
475 466
443 426
471 69
153 404
328 6
294 130
426 290
523 418
536 256
43 484
243 326
586 127
510 597
493 445
574 181
276 449
47 356
512 517
425 302
322 153
308 253
282 134
180 442
190 116
335 469
237 216
432 223
342 220
473 425
431 54
101 517
338 95
429 492
519 132
451 309
77 104
229 447
520 71
37 273
406 144
510 22
575 370
1 555
228 111
380 59
165 118
576 140
212 43
32 368
411 483
78 487
224 543
335 382
251 9
55 57
389 564
315 365
335 553
320 200
301 337
258 103
454 471
242 67
514 274
434 562
394 149
450 18
92 422
399 343
430 92
37 220
56 589
222 28
180 179
227 480
515 123
583 369
593 462
73 145
136 145
108 167
293 195
422 23
17 458
3 84
549 276
540 6
265 399
270 82
577 135
200 130
494 420
137 125
282 209
270 56
353 15
222 284
209 44
306 462
502 308
183 451
583 124
94 486
522 2
205 138
136 404
267 224
41 391
506 250
298 199
240 312
420 523
158 464
466 257
4 174
440 454
395 563
186 518
123 187
123 260
559 165
165 226
26 205
17 531
92 315
367 569
264 188
492 422
289 359
79 292
170 156
383 202
119 568
120 479
392 480
139 351
45 540
214 70
383 231
239 112
183 6
81 84
430 573
143 119
569 459
410 139
15 194
578 371
399 98
250 192
215 26
542 496
566 157
566 586
25 442
98 444
85 416
527 515
27 308
34 595
167 82
371 181
275 586
551 74
85 201
265 536
227 445
433 430
239 37
54 263
478 388
344 200
204 508
115 230
216 386
462 382
467 471
563 142
457 152
452 179
353 355
116 217
200 186
284 438
222 337
338 100
125 319
299 566
227 52
433 443
437 533
225 304
42 425
83 136
577 534
315 567
526 68
184 126
490 467
201 112
441 176
448 565
494 384
169 122
435 3
202 509
535 426
213 576
252 532
112 466
467 64
433 31
368 17
157 258
121 594
369 561
408 454
164 302
239 333
61 74
572 262
583 507
326 433
121 215
366 232
81 470
533 513
500 538
167 294
197 287
289 203
485 334
58 49
36 296
19 334
7 590
233 589
135 558
61 255
173 426
125 253
533 295
403 71
233 569
365 429
256 291
270 378
25 327
65 297
260 83
268 266
311 501
493 83
97 553
338 270
17 100
160 549
394 201
20 264
170 22
94 64
312 1
441 573
327 505
508 586
226 176
252 174
77 145
256 174
335 593
81 351
330 477
537 361
78 195
26 485
216 356
548 166
356 27
376 83
532 284
306 395
460 195
568 174
340 224
584 312
455 65
64 185
180 1
184 257
195 209
379 49
564 327
451 320
354 227
40 523
511 345
555 9
539 523
182 516
384 167
229 239
468 529
62 48
529 482
542 362
91 321
48 292
286 498
12 277
362 288
437 273
33 392
281 209
315 101
363 336
504 591
213 372
520 511
58 87
393 599
86 483
557 370
175 480
268 423
157 31
111 593
540 380
23 459
226 574
197 588
311 101
217 523
472 374
434 529
461 227
166 184
347 361
554 159
241 459
581 36
127 329
266 68
109 289
164 334
500 360
560 211
460 177
371 569
551 442
137 50
306 302
470 53
300 424
211 179
521 429
451 48
158 117
352 503
43 515
238 543
512 435
391 372
12 163
579 200
242 116
486 548
55 357
238 355
418 87
533 339
515 384
25 311
138 376
214 181
529 89
361 79
523 389
89 173
551 68
372 431
183 259
379 237
253 254
591 71
340 162
48 493
183 72
204 321
85 55
139 251
144 137
330 304
525 418
476 115
485 249
545 68
145 561
541 397
215 533
105 555
332 152
86 515
460 526
473 545
580 12
433 361
385 163
66 310
218 541
424 103
427 7
407 209
567 349
243 183
519 348
375 488
499 98
403 360
24 513
542 241
162 375
3 546
538 305
494 393
483 318
496 548
562 540
157 529
526 400
349 83
148 361
571 284
96 12
281 119
525 223
597 324
236 599
271 411
541 165
204 424
120 100
10 82
278 167
249 441
204 235
524 588
234 133
272 329
144 191
448 306
413 83
31 49
82 538
459 260
103 64
321 459
400 331
179 315
497 427
157 338
299 318
326 532
450 235
262 231
425 347
175 476
429 442
162 148
380 259
45 120
322 365
216 359
96 394
312 230
458 468
567 158
186 530
90 273
166 588
503 228
572 78
104 39
157 266
423 536
162 467
293 121
233 509
479 328
540 428
558 399
296 163
556 119
94 283
29 496
509 532
124 481
247 465
520 404
368 580
577 529
448 508
50 81
55 166
46 594
594 4
393 527
404 586
284 497
270 312
393 179
481 154
297 366
256 454
407 24
435 22
552 283
529 239
1 221
405 46
216 37
50 246
563 453
233 484
587 140
197 18
318 315
408 252
81 65
107 487
88 179
509 278
461 76
154 461
297 558
506 150
232 193
395 433
283 28
317 507
404 151
524 122
466 570
12 546
35 355
72 122
533 218
37 32
293 191
492 589
386 36
376 19
466 172
451 386
436 168
531 241
319 93
599 422
63 11
368 97
365 77
456 535
294 492
566 587
83 96
214 107
132 590
125 235
399 575
258 235
380 189
475 336
282 113
158 344
360 164
441 126
240 534
61 534
426 265
159 147
360 10
253 129
237 377
363 36
589 22
508 7
447 21
343 129
133 500
111 493
301 551
256 541
485 553
113 548
218 508
95 578
155 584
107 392
598 108
65 587
366 572
232 213
593 574
342 126
112 90
256 413
278 511
591 400
465 341
348 320
486 81
298 41
65 43
432 301
150 497
525 515
107 157
128 100
131 107
463 243
196 119
293 473
268 521
273 370
262 259
90 385
339 388
425 41
430 495
341 579
30 267
132 136
423 259
236 192
4 336
72 199
454 364
310 359
285 220
129 184
478 219
568 217
244 31
495 311
525 236
290 554
140 59
328 563
317 563
155 557
536 226
394 28
227 104
387 149
323 515
569 202
371 175
56 15
205 550
325 131
424 252
322 563
310 50
526 265
250 318
222 186
181 253
451 45
356 238
430 317
153 399
156 162
573 211
176 416
399 501
184 223
153 505
423 101
193 587
365 80
305 224
503 124
477 354
168 470
591 236
187 381
35 579
542 246
428 119
62 227
257 245
87 47
387 509
384 217
496 386
297 439
11 200
562 125
553 367
232 182
240 57
562 275
36 143
158 463
498 456
327 155
101 51
438 125
560 223
342 94
9 39
532 256
475 132
18 428
137 250
10 376
306 209
288 341
588 445
442 486
301 406
278 39
457 354
164 417
576 143
510 222
418 81
478 293
449 495
121 585
145 367
599 88
213 287
67 202
370 508
325 308
314 241
347 171
594 148
225 570
527 373
192 345
91 307
38 539
203 158
163 584
162 73
12 86
376 450
455 284
176 164
235 416
148 44
410 295
505 18
222 278
209 566
6 154
241 545
356 398
345 577
197 506
287 208
229 63
59 85
583 471
485 456
524 33
499 334
564 404
351 423
320 197
389 325
350 30
507 343
65 252
558 498
395 482
343 25
545 39
346 166
509 231
22 433
500 520
404 464
562 392
287 519
227 313
481 214
579 389
195 281
278 153
416 311
35 159
572 217
198 555
383 344
186 404
415 323
562 219
187 524
249 111
443 475
61 561
89 40
350 520
557 266
73 373
214 345
169 423
199 366
378 581
348 563
24 163
286 585
19 110
147 267
457 227
379 517
188 106
194 176
26 151
441 99
161 292
81 329
115 279
333 492
498 81
93 521
243 16
506 261
362 53
166 219
279 544
136 466
50 566
279 76
354 357
411 514
49 491
480 400
407 213
292 305
530 22
226 173
37 369
72 398
59 237
254 574
418 27
441 468
592 357
181 583
115 591
497 163
120 16
563 526
465 492
469 396
514 95
568 188
102 277
586 160
513 477
135 332
504 213
437 134
569 18
118 84
246 252
484 365
267 447
528 133
576 397
528 490
130 134
79 231
411 302
390 561
179 162
530 320
374 5
454 581
22 571
65 267
223 548
269 490
33 198
260 10
594 425
137 124
558 215
591 7
154 20
568 570
181 136
290 193
141 144
174 399
115 238
304 575
424 572
103 94
170 362
103 402
187 477
163 382
329 155
389 483
174 594
453 591
367 380
184 507
162 357
544 513
233 248
488 294
220 590
387 28
589 128
429 176
5 229
196 333
383 222
453 194
453 543
423 220
324 7
365 485
2 309
36 471
556 524
402 176
514 426
440 142
553 269
554 195
498 150
166 518
371 19
350 224
200 173
82 523
416 446
46 55
392 81
163 348
242 564
161 394
29 2
535 219
507 489
414 43
277 217
199 48
235 548
509 434
358 228
594 411
74 277
104 103
595 503
450 474
106 248
268 134
486 440
352 394
330 403
74 7
20 272
291 492
457 437
563 215
65 196
264 375
472 5
477 105
507 564
217 13
213 484
146 99
325 498
130 292
538 204
535 558
475 463
450 333
301 413
185 3
9 86
378 119
90 492
460 597
457 77
247 307
199 393
43 161
528 173
452 466
14 25
62 488
487 511
458 425
325 281
428 570
366 206
89 94
335 187
328 192
263 574
498 461
5 541
22 532
351 111
37 364
135 98
489 260
10 348
85 571
266 512
179 269
355 505
362 91
92 90
519 591
302 56
453 306
234 112
476 584
460 512
585 594
10 474
491 256
459 576
464 125
126 281
394 119
186 393
209 514
121 365
505 422
420 595
128 54
345 4
275 205
153 260
436 400
372 328
56 231
304 158
593 67
438 25
185 261
55 31
175 396
80 596
453 313
362 507
58 3
419 262
393 317
98 193
89 425
485 556
366 280
187 433
118 211
255 378
503 286
190 78
82 270
312 534
582 311
79 40
550 498
538 343
215 36
535 540
461 59
496 464
338 321
297 94
169 552
109 72
475 299
150 556
206 99
128 425
409 444
102 359
579 40
103 431
75 275
371 173
333 504
38 72
225 571
165 32
161 273
103 36
209 252
591 414
350 357
239 396
438 340
156 417
379 495
248 92
170 256
264 141
397 538
212 260
510 14
291 71
523 393
107 133
283 335
546 270
329 423
67 167
163 459
583 180
354 468
271 523
361 172
64 396
111 512
56 21
163 583
328 87
14 434
456 296
407 40
204 136
462 270
303 263
366 523
80 120
30 350
280 28
159 581
423 269
493 116
526 294
336 492
18 350
326 473
283 370
150 486
506 250
393 446
150 159
7 229
515 36
216 196
301 374
177 361
281 307
477 444
238 450
336 255
200 300
365 483
70 153
7 213
402 400
59 551
196 66
180 112
338 395
544 39
406 121
400 87
65 514
169 303
364 504
195 564
441 198
85 511
350 91
361 152
128 420
340 324
485 519
73 223
551 17
262 357
374 299
82 76
213 250
16 576
391 211
178 470
46 262
19 395
590 379
546 118
199 523
79 321
442 151
544 31
404 443
25 178
379 106
491 591
592 506
205 22
354 383
491 399
282 147
431 272
525 15
28 125
537 106
445 17
494 27
47 298
107 72
114 485
414 242
114 45
148 319
303 140
339 431
176 21
577 8
530 502
22 557
264 559
300 347
575 194
11 260
130 118
331 480
240 382
122 354
426 269
73 366
46 411
197 222
69 174
466 236
314 487
430 577
84 131
561 60
561 572
556 328
327 524
208 566
306 329
320 370
236 392
136 281
440 333
140 147
506 6
382 220
493 450
435 214
580 396
510 179
6 466
507 332
390 352
299 97
82 19
104 317
49 239
235 126
571 375
509 116
380 292
572 510
142 407
125 359
441 35
175 446
501 319
179 291
72 115
25 390
133 128
107 418
367 341
182 575
353 91
328 134
20 301
281 161
345 405
157 423
78 569
507 578
288 86
506 596
437 169
386 207
296 492
26 300
471 444
513 224
534 241
594 554
179 276
352 162
318 147
222 395
116 129
11 41
451 155
38 288
323 423
495 19
553 158
556 62
2 469
522 535
347 517
127 164
430 479
325 148
263 546
181 378
313 191
56 164
345 93
452 68
154 347
324 107
504 280
405 143
386 327
78 133
481 442
296 311
558 258
97 221
442 277
236 155
105 291
555 450
384 407
155 175
391 116
518 532
33 323
75 418
50 390
189 531
232 122
479 190
18 575
410 459
252 46
251 594
573 206
444 594
251 236
169 42
589 87
574 22
47 286
78 334
76 503
502 307
262 381
134 279
594 543
375 483
226 26
477 437
469 558
431 120
195 1
398 184
324 10
442 9
296 519
342 9
60 244
553 322
262 87
1 256
268 14
140 131
276 17
567 145
575 399
501 407
37 300
228 597
309 307
6 5
464 584
14 523
465 204
245 128
290 483
21 557
496 397
326 409
414 293
554 27
329 93
71 365
392 535
1 102
242 6
343 106
228 593
30 93
197 511
457 125
394 478
319 527
275 45
574 326
338 166
589 304
258 60
307 51
594 307
389 474
549 369
579 177
363 246
270 197
158 127
321 189
242 41
354 517
85 328
480 60
493 470
2 151
529 308
438 162
15 227
36 563
234 252
378 596
498 285
193 56
49 152
244 291
192 597
445 513
562 325
211 455
432 212
244 599
157 82
161 171
546 433
371 180
85 386
413 582
71 243
275 120
32 519
410 223
154 492
374 354
454 222
209 287
71 90
286 227
409 84
35 355
516 405
172 238
192 222
221 499
102 495
19 134
52 66
593 443
557 367
197 50
226 43
336 296
133 22
160 541
105 194
533 258
599 342
495 428
201 353
327 302
486 583
435 175
286 429
18 481
433 451
530 60
132 266
592 264
524 153
442 266
583 13
523 582
591 56
48 192
409 13
493 295
233 566
107 518
395 362
399 465
213 566
162 344
469 155
245 393
544 324
59 527
336 219
148 327
275 432
156 321
82 50
253 314
16 359
470 48
121 506
512 571
473 75
552 342
466 435
136 48
159 431
212 133
288 359
97 562
429 253
520 510
539 173
225 192
169 95
239 290
1 388
498 111
100 450
453 203
522 226
487 82
294 100
451 581
96 547
543 524
200 463
435 376
273 297
567 442
29 443
369 266
469 267
377 568
354 467
409 277
93 296
595 386
33 446
6 129
393 548
290 231
50 362
7 559
59 574
401 324
417 407
590 286
311 5
492 66
109 538
579 438
471 574
224 504
420 466
270 450
415 559
81 102
322 88
298 18
62 337
342 116
144 569
40 455
211 169
158 319
344 137
157 215
111 18
356 168
484 26
18 536
585 99
275 307
423 572
324 122
309 303
237 91
272 513
545 120
319 103
438 63
476 594
278 586
13 34
391 134
60 408
70 282
506 344
226 329
316 187
88 263
490 325
353 399
475 298
519 195
38 357
257 513
589 172
137 239
206 527
372 502
572 441
421 117
422 47
83 375
233 171
38 360
495 390
160 8
325 316
202 599
73 459
150 299
268 286
537 473
450 309
13 423
387 433
539 209
479 259
584 350
429 22
110 561
50 269
569 12
584 171
12 295
267 161
593 535
85 169
46 534
477 296
594 502
129 171
111 246
430 332
595 259
591 105
221 41
12 190
52 233
597 300
165 502
461 396
75 545
564 120
117 79
415 349
580 182
519 329
427 586
61 60
246 52
401 104
329 412
530 19
283 527
318 447
67 416
480 141
598 444
261 116
523 313
102 141
494 21
469 558
245 168
18 128
456 419
231 423
468 161
441 151
325 396
236 30
213 116
170 211
560 430
563 121
381 65
261 275
323 368
471 567
535 488
95 391
307 562
214 176
360 292
563 322
89 199
351 538
552 521
386 512
588 587
270 369
52 168
282 12
535 153
578 470
278 310
499 223
272 350
36 32
43 598
354 368
435 105
543 387
26 329
536 252
316 206
21 6
11 539
17 546
329 233
54 8
542 190
230 215
540 265
483 220
500 474
587 572
579 168
359 242
496 532
493 450
375 152
455 386
328 109
332 58
341 23
302 521
213 531
373 153
433 256
10 570
131 596
543 347
401 539
226 297
472 120
384 484
508 476
270 236
223 239
530 563
262 232
122 112
400 494
264 470
388 273
441 156
506 22
502 307
198 128
241 307
484 263
192 30
139 99
266 598
338 196
562 237
66 321
348 465
216 249
336 241
159 414
396 302
73 535
246 270
300 124
577 185
386 169
451 163
504 117
161 242
550 360
116 16
82 101
118 534
349 453
412 145
504 208
446 576
380 92
247 80
216 461
501 2
267 353
401 171
107 562
51 294
559 166
309 41
504 65
212 253
155 24
36 60
468 481
273 248
573 157
565 426
18 104
65 521
456 466
93 201
66 143
494 25
545 441
303 449
505 152
340 297
176 375
356 44
256 30
529 466
423 494
529 441
235 594
362 329
98 92
529 163
234 61
424 417
139 364
266 281
516 6
578 329
18 334
10 274
1 538
377 424
70 307
502 305
538 501
34 36
593 200
435 464
260 496
518 399
261 185
80 414
427 58
143 445
30 389
356 267
565 370
328 35
314 230
576 252
369 247
287 362
84 122
463 581
256 382
18 154
204 334
567 268
392 347
350 59
136 343
562 101
114 291
373 427
520 586
80 526
471 4
525 554
363 389
173 19
408 190
172 12
524 139
516 553
123 267
12 495
10 573
596 123
264 7
188 422
230 504
585 101
507 511
293 270
537 465
525 345
56 97
593 217
472 509
170 594
176 181
128 423
391 361
183 293
367 370
352 234
274 337
335 419
485 265
326 422
367 252
167 60
348 397
276 458
544 445
90 120
263 217
180 292
577 363
584 581
133 573
216 45
547 188
463 433
452 189
255 219
440 60
516 426
456 192
284 400
38 11
158 300
228 337
591 205
337 213
424 470
423 40
152 371
227 15
441 316
440 96
172 518
392 88
581 486
280 502
523 554
512 318
254 140
56 483
582 392
333 406
499 157
83 51
165 546
302 6
262 380
338 433
298 368
159 279
254 76
418 177
30 330
495 520
108 188
41 327
217 374
370 354
168 452
42 569
398 344
212 297
124 187
367 59
554 525
574 208
1 392
23 267
359 155
188 466
579 228
193 433
239 200
187 406
52 229
375 87
210 224
383 570
411 388
29 365
313 3
211 551
32 470
218 390
25 43
494 241
271 324
74 509
524 261
553 213
127 565
537 573
190 557
543 1
345 209
365 296
448 575
247 479
445 102
506 107
145 400
347 415
125 59
561 286
319 514
498 83
480 435
56 307
393 236
307 138
444 72
71 292
285 317
171 367
57 314
112 201
115 96
253 239
154 451
524 110
366 60
192 483
495 484
190 525
120 134
300 201
442 371
492 127
325 300
132 381
15 243
581 366
575 471
5 130
323 166
239 326
462 69
446 594
552 273
519 310
406 457
148 485
465 41
13 190
577 381
571 229
261 190
594 236
299 236
365 259
39 5
584 501
310 68
495 499
340 53
446 383
509 594
268 374
272 517
201 249
535 172
478 196
599 472
432 535
346 434
194 384
76 178
285 385
482 181
285 459
470 131
479 379
125 384
390 396
302 590
283 237
400 398
71 37
507 140
571 253
573 165
38 50
579 322
72 461
140 593
557 10
125 436
26 486
220 415
520 159
44 440
396 81
238 104
117 145
243 325
398 216
127 435
502 106
394 574
204 534
205 161
543 329
234 569
453 22
11 13
302 450
46 382
325 149
136 469
29 460
504 244
586 576
384 329
371 595
170 305
200 567
485 167
201 92
257 292
351 267
304 53
354 586
73 79
135 208
185 163
69 327
44 292
303 65
259 74
60 428
16 497
396 139
64 234
230 320
525 218
224 466
271 215
452 343
530 224
188 352
24 256
79 68
186 382
132 444
93 429
509 109
326 542
247 27
414 114
583 339
332 207
206 240
421 295
220 588
519 407
340 542
301 419
247 124
438 17
205 530
445 114
39 408
294 522
434 108
274 417
84 243
261 289
482 319
222 102
307 141
146 47
83 446
103 567
207 540
583 411
471 428
525 147
236 456
307 563
580 124
47 223
22 573
342 340
195 81
284 572
226 330
292 310
71 259
516 11
242 328
481 307
490 266
180 346
572 486
546 552
247 230
412 268
440 154
245 272
234 528
244 459
496 174
406 566
432 323
576 312
288 96
19 415
361 199
161 333
85 344
522 569
573 334
237 414
487 120
86 121
48 567
217 181
141 24
147 572
583 361
284 271
456 540
323 217
139 121
187 460
464 109
429 75
442 304
488 566
423 212
87 108
416 540
289 556
563 435
166 184
196 88
92 289
28 414
143 403
534 329
263 398
75 93
111 154
34 236
120 456
447 443
201 263
384 489
456 584
562 23
406 395
110 497
85 374
312 464
177 483
194 439
519 505
169 30
297 202
265 416
295 350
497 496
250 518
23 107
140 584
129 545
380 475
443 102
249 392
203 425
275 34
264 431
539 71
460 236
272 363
289 205
113 186
101 362
341 123
468 481
345 234
426 362
109 506
101 594
298 303
419 211
337 321
42 276
391 140
149 300
502 437
142 252
261 242
14 2
3 120
482 347
590 546
346 337
452 446
331 388
149 388
236 485
109 514
398 137
54 546
74 193
22 216
444 282
95 96
520 97
215 41
81 205
586 426
541 76
272 510
463 59
298 99
543 406
251 579
180 304
525 490
135 184
106 578
465 438
74 386
172 525
426 253
131 50
316 309
125 226
219 588
284 516
324 464
559 212
443 376
516 7
504 51
190 247
266 56
85 577
79 257
502 142
147 33
191 462
579 552
88 435
178 371
589 140
236 186
351 79
200 267
322 104
554 512
350 458
205 435
435 283
92 337
62 238
8 489
337 224
441 425
59 20
433 48
159 69
471 509
385 71
414 107
174 6
256 523
463 460
595 535
143 324
273 441
199 517
330 536
141 172
361 436
191 431
122 349
500 592
495 522
63 309
266 473
552 522
34 415
382 30
588 163
353 261
4 552
415 334
126 193
505 124
29 333
554 150
319 92
379 214
14 441
161 517
551 113
439 585
165 458
15 153
21 5
51 262
194 465
233 319
58 375
442 324
108 397
473 64
488 490
277 140
568 75
57 520
187 133
505 589
590 157
142 249
161 193
510 592
295 143
311 590
155 391
314 262
425 424
562 550
314 239
90 283
551 383
203 375
515 345
364 144
501 506
392 299
336 539
291 31
319 240
258 473
31 571
372 455
396 334
405 347
210 133
30 161
515 469
174 69
214 537
212 352
81 241
52 54
417 579
322 136
219 579
246 486
551 18
578 584
588 384
331 198
154 361
596 306
230 170
12 82
344 460
433 425
101 122
116 517
102 437
290 557
417 535
444 6
190 422
589 178
443 320
376 234
318 10
540 186
179 189
267 522
50 100
584 387
222 101
305 323
175 232
517 591
168 598
234 594
59 223
173 501
181 186
373 136
195 550
321 11
139 587
532 188
88 155
575 309
492 517
269 67
149 423
296 553
422 529
186 480
390 358
19 208
543 391
343 375
341 65
385 118
52 317
305 376
109 517
322 1
72 228
305 458
52 1
411 473
167 596
353 194
591 9
401 172
400 145
546 378
446 331
495 497
286 438
511 32
592 233
33 65
461 574
522 512
574 570
23 378
205 13
572 196
21 11
368 58
155 551
436 238
520 568
136 206
44 284
237 37
516 506
101 15
480 23
526 92
592 186
108 197
198 80
31 219
90 36
513 482
586 349
120 506
555 492
349 598
176 224
272 330
130 372
344 248
32 508
576 262
94 84
96 292
163 126
148 490
161 61
10 385
48 366
528 3
259 278
238 72
501 510
401 268
519 383
153 551
291 130
213 384
213 308
313 14
72 460
141 469
159 150
491 206
515 420
445 411
335 320
483 473
230 521
378 387
304 531
575 232
61 188
254 510
133 566
523 441
427 64
548 585
450 439
428 366
259 273
414 231
592 534
104 460
456 482
484 397
413 459
267 111
284 520
21 54
486 182
495 550
482 443
173 333
519 1
336 179
510 150
47 141
85 151
238 178
33 122
212 83
218 478
430 501
398 450
192 522
269 87
472 152
167 283
484 87
283 220
502 431
7 548
209 91
336 446
505 6
205 118
325 60
595 155
560 32
243 152
553 511
476 63
300 280
345 184
4 266
41 143
97 48
329 542
375 65
26 281
308 230
36 33
526 31
188 486
299 430
275 489
578 388
552 279
69 297
100 309
200 141
452 533
425 181
475 437
482 500
355 190
367 390
223 293
59 410
416 357
477 329
247 93
117 436
371 422
370 109
132 570
249 221
503 311
401 17
148 283
516 503
111 521
293 333
214 588
380 268
346 494
596 230
586 350
66 595
173 435
341 541
405 589
162 546
537 200
562 322
120 116
462 230
37 393
200 488
381 217
156 127
111 389
356 335
139 59
567 548
494 308
127 299
534 525
245 109
125 444
430 482
560 293
112 596
323 549
122 104
166 277
468 514
303 461
249 80
520 453
28 414
161 392
350 332
317 233
440 80
77 270
561 274
200 310
271 522
259 392
27 63
307 132
576 247
592 462
326 512
315 591
563 475
383 314
207 337
546 47
416 260
553 377
534 154
88 442
313 583
471 576
46 415
108 259
63 101
121 26
250 435
17 214
547 37
527 391
374 111
75 427
8 29
205 541
419 529
21 132
150 492
109 433
544 453
92 7
553 213
33 204
48 286
417 595
560 581
24 334
92 99
161 336
127 3
515 545
169 535
314 556
65 60
389 10
513 118
253 104
330 522
307 16
209 361
248 169
342 271
140 71
369 537
45 495
178 559
78 583
494 30
539 197
326 565
443 239
84 96
580 413
19 287
66 464
286 313
270 265
584 47
573 590
221 18
124 398
576 438
20 108
467 196
541 194
162 384
70 245
480 50
295 136
574 598
237 497
311 144
162 532
427 372
523 48
27 284
84 240
122 103
348 227
535 526
58 97
311 127
578 428
414 511
563 26
509 437
522 457
580 321
390 407
94 550
92 120
234 175
360 592
514 345
219 450
271 276
184 219
403 163
47 454
311 10
479 220
84 39
77 64
359 104
108 90
291 200
210 162
12 207
155 526
189 373
14 459
287 197
316 327
359 362
181 70
10 297
526 93
335 241
394 331
581 501
421 273
338 268
72 587
474 226
513 63
237 164
159 523
360 474
250 357
237 68
64 483
364 590
575 336
468 7
67 449
146 487
122 483
155 194
470 29
57 21
328 530
184 125
453 182
236 340
538 110
407 2
592 408
229 568
144 97
574 211
546 120
98 305
241 490
136 348
156 430
7 484
360 427
246 214
9 481
191 184
591 236
186 583
44 52
189 425
149 401
36 95
520 370
37 398
260 173
384 54
3 390
537 362
217 420
213 463
301 42
47 292
277 469
276 557
521 464
382 307
265 417
39 423
425 75
458 322
484 242
375 124
32 549
124 486
369 336
349 71
15 33
599 291
502 275
249 61
377 31
5 279
86 43
339 148
117 198
469 239
439 482
362 109
431 485
232 438
459 580
146 473
250 145
165 389
420 51
87 434
318 91
113 403
133 90
550 487
287 58
126 363
539 125
109 370
11 340
445 107
557 590
579 445
136 381
234 193
69 321
27 387
411 376
190 182
465 378
306 389
435 431
390 374
193 136
381 440
476 227
546 71
454 526
515 589
544 387
182 14
108 445
400 156
222 227
574 324
5 280
351 77
348 378
450 541
513 469
381 27
333 328
98 187
491 250
177 73
37 595
86 381
441 123
175 300
350 149
261 591
429 12
69 414
27 518
355 540
25 374
566 357
339 301
544 230
551 358
302 225
353 26
7 194
148 418
493 497
566 155
489 33
403 195
85 430
113 439
8 375
450 573
132 189
512 313
418 101
71 358
562 424
21 206
255 168
24 386
303 228
540 429
260 580
24 581
48 373
421 55
148 271
266 517
98 178
230 515
515 301
510 477
362 530
84 17
336 107
402 39
334 579
105 232
198 128
213 245
138 271
300 286
180 203
440 277
18 70
429 532
8 577
47 369
145 130
386 480
474 425
156 445
405 260
314 3
25 165
484 163
73 421
86 252
24 525
166 41
232 233
210 240
447 494
9 591
24 32
472 135
457 265
218 499
525 531
139 187
333 260
349 406
82 72
295 342
234 99
21 466
331 230
106 178
124 351
406 385
21 278
157 477
543 374
14 106
543 389
292 276
49 279
82 130
587 377
472 222
475 492
325 443
359 68
258 121
418 64
143 76
579 299
552 160
74 203
502 17
591 194
292 41
110 12
170 98
26 279
556 138
408 281
580 168
348 475
525 403
538 68
479 155
366 69
314 77
272 453
330 500
48 260
540 394
271 348
129 533
264 85
71 73
365 288
477 350
163 402
391 338
107 507
131 110
213 82
187 122
535 516
23 220
413 200
14 321
547 143
254 449
227 324
521 230
12 36
217 411
437 245
387 543
152 517
53 3
236 476
124 171
31 146
390 443
583 404
165 168
184 418
17 410
380 537
277 29
210 132
78 47
376 102
227 166
256 517
168 491
31 291
63 61
75 452
142 295
493 543
462 77
598 479
125 16
54 39
45 264
170 359
547 546
460 412
112 116
329 516
7 596
444 69
295 518
159 436
213 52
17 313
366 15
192 128
268 482
166 312
146 336
71 331
282 530
143 31
46 109
184 289
105 28
358 399
184 154
472 34
442 126
346 208
378 175
335 46
58 501
594 440
474 65
171 393
232 313
423 514
59 244
203 164
271 198
200 92
351 310
126 194
73 109
401 450
284 374
495 578
512 489
418 386
191 589
179 60
539 239
573 598
482 177
399 390
12 236
482 363
183 245
556 256
353 594
106 274
6 239
252 517
365 71
303 194
297 481
253 473
357 227
109 239
41 507
30 52
381 149
52 563
393 245
219 146
477 562
420 482
438 309
38 203
379 577
396 313
459 287
187 453
513 295
93 191
440 359
479 221
507 531
421 300
413 278
83 290
477 140
410 315
449 447
155 465
424 189
179 520
475 3
374 26
534 104
216 374
462 332
232 7
263 54
306 314
568 26
4 445
166 413
160 252
497 551
354 322
140 532
479 252
172 253
277 107
356 130
118 455
462 350
461 362
41 404
76 9
430 80
91 233
130 250
122 28
438 475
586 578
46 465
230 217
356 507
560 349
274 79
205 136
66 303
498 106
108 211
351 175
527 441
45 58
328 166
322 166
41 308
381 323
410 12
178 166
156 138
515 67
453 357
203 518
60 338
261 167
548 249
578 476
327 23
171 292
188 492
458 466
437 476
426 247
487 4
413 280
379 565
347 232
322 187
388 381
162 286
186 110
173 401
223 499
424 31
192 249
522 287
352 596
163 179
244 288
182 294
205 198
259 189
68 580
13 455
598 174
378 421
521 550
223 144
88 47
175 516
532 334
203 285
331 3
463 574
290 282
505 133
480 164
321 185
381 334
40 17
507 55
438 66
243 298
210 567
581 22
483 513
355 323
435 323
325 298
534 253
218 439
385 335
3 343
519 21
314 196
38 459
487 113
524 130
410 134
97 391
392 579
541 148
539 377
108 265
312 43
517 529
481 539
501 122
519 420
142 234
253 416
93 141
528 17
270 338
388 5
366 180
221 545
564 161
322 73
425 34
115 579
201 233
156 102
354 75
160 496
308 412
312 38
552 241
292 460
216 80
464 220
496 85
165 99
482 124
408 544
394 522
161 594
392 316
334 147
29 493
43 336
542 591
12 133
469 303
592 323
382 94
542 515
415 344
14 298
467 421
242 261
580 403
493 373
119 227
519 384
357 199
358 536
190 369
69 297
72 298
20 91
391 561
243 207
542 257
504 409
315 383
307 296
186 200
306 542
64 462
326 58
61 84
594 487
90 300
184 161
598 203
488 389
401 132
233 343
388 137
152 340
520 97
36 343
296 578
285 597
440 249
55 138
569 286
26 60
586 446
457 584
50 346
11 88
477 244
431 502
18 220
242 175
316 515
518 250
493 440
484 571
326 176
109 296
462 371
355 448
218 212
70 504
195 80
591 72
560 60
211 578
280 91
153 233
6 71
120 136
149 241
107 474
417 453
170 279
224 162
364 441
374 433
345 568
150 574
278 111
34 488
89 550
216 241
421 221
549 178
594 98
419 338
571 236
191 142
152 415
540 515
493 314
348 476
520 497
450 435
245 483
560 333
72 177
212 492
35 161
70 29
258 488
5 466
361 195
245 512
247 186
427 378
137 412
254 57
547 104
129 192
224 90
163 532
266 374
424 300
534 132
566 429
20 570
532 19
402 178
530 287
1 595
65 137
407 318
431 591
59 559
421 519
286 583
452 551
357 513
489 528
45 455
594 302
63 526
320 464
341 487
388 578
482 452
353 527
407 184
518 103
380 339
23 67
322 112
18 316
262 144
244 307
236 475
246 298
40 203
400 18
90 188
596 572
41 349
499 85
170 417
188 549
394 447
253 116
196 508
70 457
52 313
401 288
426 284
585 465
486 23
120 576
211 353
548 488
102 85
572 508
501 397
458 532
481 111
49 77
256 118
172 308
68 572
595 131
494 218
233 380
478 353
356 89
106 541
214 445
26 423
353 165
221 448
97 102
197 145
416 452
499 587
160 205
197 392
335 91
248 568
471 126
321 464
451 64
406 302
508 431
125 262
595 582
347 93
322 543
474 138
396 12
125 193
216 558
585 550
287 470
518 158
233 476
259 84
540 65
385 86
134 147
584 129
130 332
458 451
275 333
588 308
581 350
501 197
545 124
147 232
593 303
27 226
416 286
546 593
350 568
317 121
115 301
250 244
33 345
95 545
315 320
253 296
307 391
492 253
152 277
484 145
217 511
8 33
197 191
264 184
159 580
305 511
281 192
155 551
536 487
134 489
444 24
185 152
415 78
404 566
591 288
349 208
436 593
477 270
422 141
454 218
358 396
129 277
587 521
228 161
46 361
50 489
384 472
278 436
187 319
41 178
245 27
23 81
20 499
351 441
278 442
297 273
238 425
549 462
346 177
260 29
175 310
518 197
419 433
33 6
153 73
183 397
99 205
477 356
341 465
434 256
307 131
529 182
194 478
44 177
293 304
206 467
251 361
301 70
194 334
312 346
44 494
143 380
336 258
373 77
123 444
333 430
213 499
12 406
377 293
582 307
234 188
412 122
548 113
428 380
84 140
126 128
34 506
145 7
164 155
83 523
598 53
590 211
551 3
254 566
532 237
273 166
62 85
524 248
435 352
28 518
491 390
283 162
296 427
168 97
219 487
21 455
178 248
66 129
250 320
332 419
194 243
222 255
564 146
502 399
497 167
318 26
557 1
187 490
66 591
225 284
479 245
376 57
130 442
422 380
399 392
436 592
35 59
484 236
204 387
36 339
191 353
364 148
590 189
39 56
417 263
577 533
145 353
589 274
432 50
291 468
79 128
460 350
423 582
585 27
7 21
365 197
11 130
345 239
555 21
531 372
520 508
306 302
499 532
213 568
219 504
437 297
269 534
47 92
154 270
355 160
527 121
357 538
487 102
177 80
359 108
451 279
254 394
218 390
327 430
595 183
571 70
480 240
242 164
568 395
71 561
555 598
82 312
174 206
51 587
522 47
332 373
562 585
405 180
13 132
10 246
314 581
315 431
458 556
233 65
589 303
26 544
538 344
493 112
549 543
99 471
589 431
481 189
54 286
368 304
55 377
549 7
595 501
437 92
458 307
156 447
248 181
29 186
524 521
298 111
102 34
219 328
464 100
516 156
24 284
459 78
298 408
84 294
546 159
385 42
103 178
126 350
358 154
536 519
75 471
30 176
504 248
503 369
584 57
162 8
340 21
323 39
66 406
569 12
202 591
54 305
169 179
55 526
570 228
445 282
99 112
458 4
359 598
10 343
56 171
588 33
428 311
71 493
354 277
142 556
268 432
498 436
12 552
599 219
418 82
500 516
193 595
157 189
594 403
170 287
573 158
556 39
106 265
531 459
541 311
53 447
143 550
520 391
141 520
10 558
239 510
112 70
505 269
495 137
72 65
61 283
459 18
321 564
282 490
62 223
201 114
307 343
302 228
135 442
385 144
400 261
54 511
330 197
417 226
333 489
527 394
409 387
411 130
588 330
20 50
190 220
401 497
201 103
125 335
544 509
116 581
170 407
130 138
4 547
1 573
74 527
367 482
314 415
12 540
145 269
589 335
126 390
469 326
130 593
298 74
140 52
292 546
458 422
321 99
369 321
72 80
249 77
561 200
129 210
140 511
116 130
483 242
157 352
567 287
345 503
597 122
554 290
305 412
112 27
148 118
347 456
197 595
170 395
196 299
242 335
210 358
102 330
599 496
82 204
183 64
107 417
185 298
107 489
347 218
515 494
572 500
588 406
495 158
201 328
456 443
301 303
438 40
33 437
535 351
278 355
414 23
173 236
320 279
126 68
135 278
199 107
415 187
513 548
345 351
276 438
431 214
379 269
254 49
343 189
400 22
544 451
44 117
88 1
33 450
305 167
365 504
511 181
328 62
129 310
412 42
149 244
256 165
150 147
213 493
572 250
152 516
102 432
270 189
432 540
276 138
107 41
279 18
221 244
79 586
554 129
266 340
10 521
504 159
305 354
289 277
5 440
431 106
272 338
531 342
278 207
117 385
484 33
40 343
276 356
329 467
484 594
207 131
153 348
289 457
340 578
372 344
56 203
87 565
178 255
307 456
99 423
478 582
93 517
325 368
510 55
236 32
286 80
162 77
66 451
533 405
67 542
386 359
382 472
324 560
364 268
416 462
328 294
444 420
448 170
189 596
461 62
28 384
378 190
460 81
41 32
485 344
573 508
103 356
380 65
316 381
332 369
243 61
300 88
118 385
494 306
381 355
5 409
139 21
598 237
101 276
268 586
257 241
132 596
234 512
61 187
530 31
555 174
328 492
261 445
278 155
389 296
147 31
105 522
51 340
159 152
253 426
375 509
305 506
506 538
56 204
126 586
234 318
160 561
211 58
45 126
449 433
421 233
463 164
155 514
503 551
303 157
15 78
303 319
221 209
258 277
413 21
500 284
575 60
483 186
354 527
548 203
597 8
435 460
171 227
12 311
178 314
105 193
29 408
149 487
254 44
164 67
64 301
588 40
597 471
462 351
36 49
191 33
56 26
492 226
489 142
536 305
93 279
135 359
87 283
246 340
327 47
45 28
347 33
304 344
141 167
332 176
215 522
208 507
185 337
133 74
478 306
16 571
584 150
567 71
71 213
49 397
496 93
62 243
362 366
224 502
170 555
78 22
477 285
528 62
22 298
372 138
4 388
346 226
537 313
533 8
525 581
42 59
311 341
301 73
107 162
574 513
117 52
172 231
573 337
292 595
35 64
370 275
451 116
500 27
428 72
271 590
53 313
49 364
291 586
436 35
148 49
547 264
337 356
494 311
93 423
543 364
124 313
39 213
428 177
239 493
485 147
483 537
97 169
538 387
155 375
421 302
61 6
203 397
361 334
108 453
394 288
454 517
238 131
367 66
544 6
196 429
390 79
366 486
247 305
274 39
317 332
577 15
338 417
411 99
151 157
190 182
444 44
337 83
411 104
385 355
347 581
184 137
297 188
260 182
130 533
220 446
503 198
460 241
15 508
576 403
65 166
584 147
447 558
466 258
63 251
14 409
469 434
183 167
22 442
348 151
14 205
596 516
402 94
157 55
3 133
457 304
536 79
450 21
38 316
278 337
205 528
146 74
363 328
477 384
407 462
535 420
68 169
336 107
500 130
161 140
500 255
443 436
571 531
456 246
484 371
582 89
300 365
400 63
330 514
446 137
15 19
557 82
425 530
425 325
61 586
464 560
478 544
34 449
113 127
95 597
497 314
323 197
79 360
496 408
275 580
183 289
598 140
8 423
70 385
367 293
249 564
172 431
597 258
543 124
590 178
259 304
501 455
383 498
589 428
173 569
11 99
205 387
343 266
95 413
51 461
106 537
426 514
368 61
173 548
422 163
127 81
466 265
173 486
163 162
552 573
131 562
309 573
350 53
239 82
103 289
542 445
226 6
360 231
304 170
417 126
332 543
206 435
445 378
559 8
540 511
580 308
111 527
281 98
579 157
179 319
446 359
164 309
2 161
178 305
330 594
430 299
175 36
372 20
52 331
27 229
479 245
174 589
172 93
325 388
249 503
344 95
499 145
42 501
306 219
206 273
213 274
210 25
546 581
44 597
312 307
463 428
189 38
417 597
130 379
23 378
283 366
111 419
511 389
320 454
8 164
364 457
437 573
481 21
554 162
256 503
468 119
331 58
393 386
55 522
165 78
538 85
81 286
504 229
312 461
320 319
262 85
413 336
58 531
357 250
93 13
390 560
131 122
255 162
145 547
321 546
262 259
269 342
182 410
209 493
271 528
449 171
13 499
506 308
430 263
195 522
275 584
121 44
343 13
205 487
559 525
72 458
422 340
438 241
387 47
372 295
574 458
465 225
358 372
170 425
35 364
585 547
348 343
590 92
355 432
216 552
594 524
410 54
501 248
295 288
294 304
583 506
162 448
131 157
220 300
582 492
301 567
439 49
547 67
377 302
498 231
254 130
155 302
184 294
549 116
581 481
419 564
387 218
51 155
375 270
92 594
162 392
199 238
78 146
304 455
85 439
323 576
569 115
278 390
408 464
143 390
345 561
591 369
416 42
161 428
549 252
422 348
44 258
586 122
403 527
214 126
367 536
102 573
288 379
1 97
243 143
124 226
341 115
232 394
157 393
223 343
282 91
326 540
314 85
580 242
535 106
246 471
444 456
159 223
456 492
104 236
16 329
576 131
198 8
524 590
230 504
273 150
594 236
90 309
557 307
550 492
51 433
1 494
289 396
355 145
289 458
380 541
424 593
309 259
1 470
487 468
374 397
18 369
33 344
315 227
288 502
119 338
335 356
470 24
152 462
168 78
320 185
20 381
415 565
40 53
436 526
158 210
560 175
216 592
156 530
456 444
432 212
419 167
567 289
190 357
151 594
72 108
416 328
126 468
294 403
159 130
566 316
576 527
129 193
157 284
123 14
128 555
225 547
359 430
473 549
187 262
181 258
7 235
586 133
103 280
535 261
47 139
577 23
66 106
215 223
27 575
236 155
530 98
339 526
527 212
113 114
111 294
10 118
528 595
250 268
512 422
529 558
560 144
580 264
486 433
486 512
408 359
304 575
94 43
501 259
492 15
372 3
545 19
357 473
251 244
141 163
303 307
358 501
450 339
165 573
409 288
486 217
284 427
429 377
470 330
36 599
581 46
239 526
301 234
37 552
477 415
115 181
122 473
82 210
449 246
420 495
171 543
349 454
371 178
468 478
145 142
477 127
187 353
290 487
586 564
77 464
379 192
282 138
302 1
347 151
483 405
283 54
348 32
507 119
209 13
596 590
154 111
117 577
102 45
465 88
9 541
189 25
370 108
162 72
108 147
459 590
551 142
44 299
410 188
418 19
201 52
10 591
400 363
569 501
45 72
226 290
250 53
314 21
160 476
329 268
260 426
258 211
205 539
509 16
364 564
271 564
254 517
194 54
518 163
192 562
234 417
490 483
469 204
141 267
317 470
534 576
533 429
424 138
6 571
390 370
535 62
571 426
216 165
117 134
564 308
334 198
363 224
82 469
65 459
136 20
329 307
595 499
374 420
38 379
391 65
386 563
126 595
28 579
397 144
113 362
90 84
559 90
544 278
558 10
138 95
29 104
39 261
4 412
318 278
429 346
342 452
547 106
447 574
85 245
355 434
7 82
518 203
171 462
481 130
109 19
461 374
359 499
273 362
549 590
277 378
337 20
230 521
125 315
133 209
559 487
43 203
207 198
405 377
298 286
144 406
541 5
181 538
142 453
537 91
81 215
106 55
234 572
575 595
287 108
441 483
233 121
323 439
319 129
216 17
52 360
60 231
2 477
169 143
567 106
470 49
320 213
103 191
423 316
423 347
423 501
231 293
23 191
132 578
319 585
232 371
345 291
2 583
169 407
364 136
512 471
421 470
85 524
298 507
477 122
254 300
260 122
593 282
313 362
260 269
347 129
277 329
420 278
313 226
322 77
361 235
185 420
342 269
344 40
413 458
398 305
158 59
426 388
577 376
388 475
46 135
4 322
464 423
238 414
49 559
128 48
431 312
467 173
219 448
450 32
543 485
336 101
543 400
127 521
413 514
396 96
286 37
418 387
460 293
201 146
489 565
430 558
278 534
131 496
20 218
165 562
104 501
301 47
538 65
205 351
216 238
447 501
275 502
289 372
432 127
517 321
93 585
279 370
519 48
503 177
265 68
139 368
206 77
53 381
141 494
133 356
133 217
258 45
119 184
416 188
547 570
508 40
555 425
47 113
110 549
289 374
255 65
380 98
142 70
479 282
563 249
276 333
465 171
377 221
354 193
408 301
164 553
578 356
378 25
468 487
212 394
499 104
459 516
438 238
585 317
519 548
565 432
519 68
3 296
288 593
127 333
532 527
287 510
283 302
172 389
427 21
183 326
124 279
479 562
516 464
516 74
50 120
143 568
187 146
502 113
139 29
445 71
555 369
218 238
72 390
264 498
410 447
461 172
363 340
371 517
204 287
228 490
44 370
459 468
153 361
580 292
389 63
599 581
432 218
219 141
8 483
39 55
567 499
226 567
239 596
122 80
521 349
569 564
357 66
432 509
64 50
201 90
350 201
71 419
56 527
559 63
48 597
117 15
134 580
219 372
214 341
89 135
327 58
337 84
361 169
231 424
456 431
514 206
269 584
25 324
511 583
24 196
218 378
447 351
358 67
360 571
45 448
344 371
143 81
93 503
486 323
328 579
391 479
185 298
101 446
259 250
67 283
445 284
298 293
272 56
359 32
264 403
117 245
411 260
325 503
400 449
463 128
428 255
244 251
552 345
334 211
594 401
131 439
85 428
132 594
483 128
26 385
168 380
30 579
40 592
120 77
79 583
442 144
238 86
32 427
430 366
38 424
167 169
501 488
234 33
482 355
398 146
140 565
525 406
182 202
36 302
278 351
522 357
495 160
443 526
224 273
529 498
335 96
67 236
222 538
505 104
293 303
486 432
269 49
475 450
487 149
389 166
499 311
522 394
108 3
558 331
276 487
230 248
221 533
483 442
471 388
183 164
92 70
233 597
118 109
447 6
257 237
408 156
547 567
188 56
208 383
24 483
507 253
368 128
187 251
569 295
276 390
459 367
459 92
364 214
437 449
456 331
86 501
125 270
107 312
562 314
332 586
197 239
239 564
367 63
452 573
358 128
363 454
133 459
545 134
311 21
582 167
351 305
306 475
575 412
424 175
126 156
161 559
395 38
161 399
337 13
372 95
377 373
186 509
232 369
281 180
389 263
584 140
206 290
253 418
102 314
592 227
470 391
423 502
428 583
301 402
233 73
135 10
83 320
157 552
89 437
132 477
337 116
255 180
405 145
597 144
458 590
8 328
19 430
467 84
413 168
485 46
478 20
293 560
340 87
150 66
161 282
543 497
35 435
315 78
579 312
221 75
539 229
41 557
59 507
41 110
76 164
392 191
183 85
388 160
408 538
226 568
457 406
104 491
241 418
206 457
130 427
531 307
293 571
264 588
479 542
98 192
106 128
20 288
449 407
86 258
582 311
226 439
117 566
568 357
384 174
451 152
238 382
458 530
354 359
157 470
301 491
299 44
19 318
569 468
125 55
126 108
3 588
184 119
555 152
113 576
563 365
438 345
223 369
336 220
163 443
158 54
142 202
73 459
408 540
584 462
303 329
464 291
150 220
483 302
332 460
502 532
225 340
514 86
346 488
542 508
331 100
200 473
538 272
332 346
449 553
445 389
282 546
80 432
166 201
371 135
298 510
304 522
250 219
245 234
107 424
379 437
524 578
310 100
250 280
84 336
233 528
125 153
113 442
222 278
43 230
51 340
140 354
499 27
210 382
260 316
206 40
391 367
18 338
105 505
18 188
478 251
353 4
403 465
83 262
381 125
491 69
102 31
422 1
294 270
382 554
585 226
231 14
592 248
352 97
390 369
521 269
257 275
509 297
377 591
558 395
353 449
463 454
117 523
454 411
193 474
3 415
100 233
429 329
118 418
426 508
187 584
414 444
259 323
378 37
551 337
69 304
423 532
158 540
455 249
588 285
123 590
100 459
223 166
426 340
583 489
485 171
473 536
252 133
259 267
406 447
4 474
151 427
44 545
5 136
195 230
420 554
220 520
414 80
323 240
57 307
129 542
115 239
478 366
371 375
270 414
459 274
526 11
338 569
555 579
106 387
209 163
342 66
83 393
145 406
270 201
350 36
380 464
274 496
467 46
508 137
97 367
48 23
377 385
230 570
2 572
357 210
135 336
275 455
129 57
498 398
258 248
433 275
112 108
171 216
390 79
352 486
84 400
147 460
422 14
68 424
585 63
34 357
398 546
212 527
3 347
325 497
594 159
410 343
503 580
558 293
297 548
416 380
348 200
477 170
213 183
231 435
245 502
193 43
448 42
569 88
389 532
223 21
328 33
364 231
250 559
523 546
507 576
563 492
177 79
300 27
261 530
462 505
432 292
547 517
570 155
6 359
87 228
18 414
260 19
282 509
577 442
94 123
418 294
252 594
372 551
259 33
482 121
537 551
412 123
469 382
277 474
379 1
339 34
52 236
52 333
382 266
175 113
26 230
407 278
462 179
229 121
212 348
478 386
300 527
508 169
546 422
280 325
422 256
358 111
491 47
81 510
313 492
24 338
123 430
253 584
9 482
342 457
467 220
244 167
147 389
572 93
212 489
56 271
145 51
20 273
98 100
184 48
592 207
23 115
37 276
336 282
395 315
377 262
534 258
67 318
47 276
410 495
403 103
404 185
154 423
458 488
522 42
173 514
485 195
266 159
108 239
78 502
553 454
402 487
112 468
442 396
381 490
291 184
592 95
369 383
155 227
508 78
505 81
229 28
513 495
423 258
134 500
398 325
592 200
449 104
305 292
137 86
182 428
507 411
160 276
195 315
140 340
30 282
59 258
546 209
390 369
466 162
269 264
486 261
463 572
3 168
264 139
491 83
204 398
494 2
311 326
553 450
66 582
369 124
477 315
332 505
84 436
67 589
100 190
488 201
162 490
368 64
266 496
146 108
294 40
109 5
3 62
92 69
281 460
429 158
175 399
63 495
235 366
485 571
193 373
172 592
500 178
56 403
74 438
510 6
116 256
247 118
554 576
186 235
436 253
393 249
52 93
381 523
97 266
494 289
276 304
281 413
481 573
217 192
412 364
434 165
21 82
282 212
295 106
447 131
358 477
17 47
569 36
207 303
538 338
592 215
42 510
265 160
122 119
352 171
483 186
335 141
504 17
352 199
122 436
567 117
313 221
400 520
256 7
223 195
345 452
47 24
363 311
184 122
430 535
292 550
358 264
91 500
517 80
99 40
516 303
393 466
524 194
386 417
200 10
12 182
461 58
206 461
7 389
582 436
561 511
386 319
175 114
219 93
430 555
369 583
258 399
450 419
592 236
237 430
482 248
12 344
543 217
442 549
6 425
23 204
573 46
523 386
396 379
116 226
571 484
447 467
283 297
286 513
532 160
343 415
46 354
396 226
209 238
412 451
300 434
56 274
117 216
60 512
232 412
375 204
296 222
308 216
156 231
366 89
391 109
141 436
101 536
62 546
411 473
397 112
544 452
23 61
305 319
210 537
131 222
378 64
82 86
516 474
316 283
200 107
29 340
180 366
513 478
312 562
588 110
74 532
199 333
230 504
52 77
441 419
536 219
482 255
304 398
129 257
318 329
364 347
69 181
350 220
60 63
182 48
172 492
218 370
225 85
511 513
162 352
332 335
208 451
589 511
486 118
406 442
446 170
189 153
587 176
10 47
238 191
332 47
320 549
55 182
34 565
95 432
318 64
167 163
152 156
312 38
511 118
479 594
287 305
147 274
481 393
558 356
221 290
403 540
476 457
122 509
422 453
579 377
516 146
540 68
539 252
343 450
369 459
444 293
402 229
204 283
22 399
276 243
89 79
420 202
173 542
349 595
395 328
10 549
111 549
17 50
438 596
499 444
456 581
137 258
210 578
178 231
377 453
111 104
170 531
305 342
111 54
574 505
19 584
454 130
171 109
179 247
105 316
91 198
297 465
455 506
443 270
374 457
361 485
560 530
54 503
272 164
194 484
306 213
468 161
342 276
506 520
522 11
236 14
209 170
116 301
76 196
571 450
53 332
572 251
499 263
154 408
426 347
292 132
559 160
529 538
436 435
97 358
84 569
9 292
140 124
230 215
319 438
302 10
407 511
260 306
174 51
115 237
397 406
369 594
204 535
170 277
371 266
272 454
236 281
383 13
42 13
227 598
89 167
8 495
78 504
202 489
554 316
126 588
359 132
220 562
68 390
476 76
293 149
167 166
429 549
178 108
199 43
106 287
209 350
183 523
491 22
50 445
574 176
72 333
544 528
533 249
555 409
324 249
557 490
52 24
77 230
369 513
509 112
437 355
462 257
278 353
278 328
436 252
141 145
223 85
73 156
334 29
202 295
514 160
423 565
420 137
432 189
287 341
301 125
96 400
19 12
153 297
576 226
186 117
8 408
438 81
201 409
346 403
342 260
200 165
225 20
301 58
209 588
36 147
350 132
546 368
380 336
302 356
562 488
110 569
533 185
287 372
594 33
175 336
292 12
138 155
31 76
449 476
301 484
23 51
253 206
57 33
542 358
388 142
483 135
348 417
320 36
189 314
68 1
287 597
12 62
152 279
137 238
393 438
122 53
126 13
259 182
45 201
540 71
579 423
205 327
477 524
362 303
475 68
303 399
65 551
460 453
468 235
91 261
73 449
550 198
461 209
380 506
47 557
214 26
380 418
353 258
580 352
198 93
419 501
130 121
90 589
573 557
224 64
455 533
513 44
132 12
489 149
517 536
106 131
199 123
187 189
18 404
179 216
496 597
117 26
119 443
253 329
39 114
393 493
285 543
536 416
554 426
202 110
599 307
477 435
429 301
262 447
105 440
63 239
75 416
501 430
496 154
160 534
505 190
428 190
370 2
243 561
65 82
308 301
388 186
374 454
486 36
538 229
113 238
467 424
291 368
255 188
160 52
122 302
478 187
129 485
426 9
446 490
90 155
429 115
577 203
568 101
238 145
329 587
20 433
49 311
439 540
136 236
591 257
537 107
82 66
591 507
311 438
35 400
230 463
514 444
66 482
544 540
264 511
165 284
581 214
232 420
154 367
56 383
24 230
489 342
532 481
486 243
556 521
43 423
22 556
267 88
77 448
265 577
596 430
261 216
281 492
36 434
259 329
217 520
196 344
499 129
462 386
9 418
307 289
478 328
482 382
53 558
467 555
174 464
23 434
80 303
564 352
137 460
318 591
18 514
335 517
280 434
303 525
252 247
214 367
212 97
386 502
292 253
457 465
354 479
537 71
182 501
61 555
598 378
184 17
529 156
171 209
589 473
372 478
357 585
482 568
82 268
470 12
521 564
476 275
443 413
583 262
551 44
455 188
421 39
204 588
432 374
434 421
484 206
537 478
192 419
446 510
88 554
521 246
518 398
520 599
448 141
261 38
184 116
225 243
392 66
231 224
77 65
282 198
271 456
76 100
276 159
10 1
350 531
246 269
566 403
505 414
544 403
89 128
519 313
370 548
16 238
409 329
303 91
526 211
185 239
310 460
398 319
460 148
250 106
54 216
508 196
268 90
599 356
218 518
307 225
104 559
101 512
289 403
240 452
251 424
92 560
521 127
516 381
511 167
124 203
20 270
398 524
359 397
281 214
552 225
77 56
184 177
205 110
217 83
562 467
144 291
65 66
55 580
84 565
147 208
168 404
115 204
328 473
1 246
325 191
470 401
483 292
215 89
39 431
408 1
535 551
528 599
17 582
579 338
186 364
183 590
405 297
194 133
407 432
17 132
23 124
170 505
415 384
231 454
215 39
92 150
590 258
386 244
477 366
581 300
367 164
291 172
460 122
541 505
191 557
37 213
82 207
356 134
228 224
225 443
263 554
230 490
449 254
371 326
20 353
264 386
154 192
195 252
313 136
157 504
331 430
354 50
274 347
420 502
209 46
582 471
237 449
598 86
103 369
49 359
359 312
382 151
503 576
402 454
350 196
595 81
26 586
130 537
571 549
77 180
232 59
288 468
145 523
191 248
529 477
7 289
426 27
77 567
3 116
421 352
311 54
70 573
277 436
148 248
386 224
65 255
519 352
361 65
512 551
312 442
66 555
368 492
581 444
459 222
559 517
211 270
208 281
480 484
117 29
370 140
252 434
395 172
424 156
473 336
344 422
178 410
377 545
539 596
27 398
455 585
552 66
492 160
583 11
44 101
39 51
477 527
485 509
336 546
65 209
282 47
31 98
94 46
43 33
42 70
68 134
292 20
199 185
416 183
432 97
520 470
148 397
35 270
307 371
216 9
579 497
292 11
594 23
56 275
55 334
581 359
467 273
378 303
95 431
485 526
528 43
34 76
78 69
345 22
439 198
267 418
95 197
66 327
219 121
2 274
92 582
33 558
492 49
262 587
117 384
151 45
65 185
357 379
253 339
400 92
536 304
147 269
500 213
595 120
570 596
31 63
216 63
258 108
348 157
332 103
179 483
147 243
68 142
22 557
480 59
49 417
362 432
86 500
45 318
20 253
551 50
315 167
349 210
511 335
367 244
437 545
364 583
425 69
125 84
26 243
142 311
297 141
143 20
41 425
337 60
78 288
346 30
92 96
239 240
68 243
483 504
188 484
125 13
552 487
96 577
130 474
288 64
16 69
83 293
493 419
590 208
344 336
237 73
69 113
312 136
356 433
277 181
317 402
194 507
289 526
484 56
39 410
119 291
478 201
583 371
257 573
216 238
547 90
310 253
202 259
27 195
92 303
376 47
105 207
553 31
370 437
86 408
484 204
99 362
42 320
370 298
530 585
173 115
75 482
368 514
142 394
109 470
334 122
516 77
565 107
107 336
182 430
381 66
271 118
428 313
437 435
248 367
421 59
482 495
540 487
47 319
518 156
427 252
514 580
565 480
88 73
453 506
140 471
571 410
588 37
360 425
472 246
430 530
304 549
425 481
436 110
438 591
502 265
243 416
482 209
533 569
518 386
113 295
258 85
105 483
358 103
546 230
585 376
160 289
562 223
407 398
332 245
389 234
147 269
287 30
115 221
236 270
244 349
564 139
71 307
23 428
47 568
296 32
581 93
320 543
315 127
578 284
10 5
155 156
273 80
422 26
300 59
532 543
45 497
83 115
441 342
180 487
310 475
518 291
568 475
234 520
239 212
442 248
216 596
42 126
76 463
388 13
159 321
194 440
455 513
554 296
255 372
420 564
247 338
492 215
213 126
373 89
574 215
337 427
448 378
190 162
478 578
174 275
536 367
115 391
517 307
324 172
79 144
136 562
119 265
415 568
390 188
57 2
402 31
66 487
408 256
49 524
471 460
436 407
464 550
435 382
494 396
553 572
539 327
535 295
591 350
263 20
175 556
21 214
587 87
101 33
579 387
556 450
247 392
494 111
580 329
492 474
125 84
85 301
410 20
595 39
7 495
58 181
451 316
394 438
40 132
471 256
518 65
106 165
95 237
513 75
203 43
186 564
126 270
502 173
289 497
212 532
30 506
113 118
459 144
194 498
276 65
154 194
366 496
596 460
133 509
172 572
551 358
536 315
28 438
487 554
572 336
486 239
243 237
357 102
380 550
238 293
252 29
125 255
525 121
116 295
267 524
505 218
519 441
170 547
517 58
139 489
393 25
129 273
498 123
13 279
73 487
209 561
515 333
216 78
91 568
11 594
493 515
213 412
356 20
596 273
77 135
400 108
397 166
18 295
288 30
211 597
516 420
558 70
390 174
147 119
143 157
113 273
72 562
322 66
582 556
575 296
328 375
403 125
178 421
420 465
88 268
462 242
325 420
311 116
232 457
471 12
252 583
521 560
184 480
26 166
436 239
461 165
251 502
526 429
323 583
294 48
252 394
289 576
451 599
329 83
95 200
331 346
421 252
306 5
370 569
407 206
208 268
8 458
407 534
287 367
155 219
415 406
250 104
21 101
341 349
421 435
187 152
418 245
42 124
249 49
330 56
254 537
560 499
34 368
71 557
135 225
176 187
269 425
291 289
164 269
275 584
104 99
373 521
343 52
282 229
100 250
284 591
424 482
490 457
487 198
415 259
422 228
446 328
54 374
254 454
43 529
438 383
265 211
541 9
500 460
237 599
110 159
228 534
278 355
391 165
552 443
423 13
72 506
340 362
280 594
216 559
161 291
342 63
139 283
71 39
144 545
276 490
341 503
424 19
259 453
420 211
296 480
223 5
387 201
366 304
195 219
264 592
509 243
55 49
164 363
87 307
545 362
197 286
503 259
541 162
112 598
10 45
478 233
50 502
71 415
207 265
272 108
494 181
350 548
229 151
548 553
457 493
552 292
416 455
188 357
254 299
355 264
343 471
134 30
373 204
83 217
106 354
324 599
534 312
185 401
462 134
591 557
27 181
486 443
37 74
437 527
10 193
191 589
64 324
20 74
527 102
291 33
93 252
269 264
201 454
65 301
587 293
258 14
474 381
94 148
454 531
75 463
361 266
452 62
227 109
135 392
210 63
62 302
315 331
566 153
185 268
453 409
561 348
422 73
129 154
220 85
531 320
83 197
173 144
62 518
515 453
129 578
514 68
530 245
271 83
67 539
536 475
138 284
535 447
51 89
67 270
410 597
228 492
432 38
273 131
555 188
583 84
166 135
389 96
18 60
179 84
236 352
559 11
273 132
457 560
220 161
468 267
396 96
396 465
133 69
595 88
256 578
409 422
350 198
155 367
494 570
451 368
322 48
378 233
179 236
193 36
34 61
302 429
156 98
294 288
166 289
14 59
504 422
480 255
257 273
22 151
243 110
518 203
157 534
435 572
170 28
8 203
326 546
270 481
281 563
407 446
490 420
143 394
242 260
286 498
532 308
286 176
417 442
16 212
376 450
184 183
115 192
23 440
375 292
322 57
493 129
140 383
548 282
414 427
542 101
562 474
46 248
287 100
327 302
311 340
389 133
160 504
324 183
344 99
112 303
392 5
69 532
25 254
214 439
318 156
177 280
268 222
166 554
558 130
257 507
470 283
40 30
187 363
449 169
99 561
109 491
565 415
61 228
306 274
67 25
68 480
304 335
102 107
289 297
237 183
204 344
466 243
373 290
243 223
458 342
421 205
470 386
20 530
251 325
441 317
586 508
197 291
243 535
35 170
233 271
352 436
15 455
317 26
146 559
485 241
538 306
445 46
329 102
213 580
65 55
534 51
562 132
578 206
304 251
375 174
521 364
248 174
220 564
436 3
523 321
480 100
27 563
145 592
65 358
572 366
412 507
55 12
276 33
454 217
283 466
391 442
231 39
253 88
240 89
327 400
47 207
499 310
170 282
302 472
40 275
238 89
419 292
100 95
562 554
311 482
420 339
561 288
15 214
13 254
539 339
292 585
546 428
295 353
110 597
225 386
509 101
474 328
392 212
422 591
403 370
474 460
110 435
149 361
287 398
16 226
138 544
449 321
372 144
74 120
378 299
505 287
399 18
15 428
466 74
58 269
82 169
129 191
241 514
551 527
313 204
391 88
385 240
408 158
383 481
277 162
417 419
86 453
74 101
282 539
411 339
208 492
145 574
320 385
126 509
313 76
350 104
163 136
343 208
293 363
327 207
162 144
263 248
597 337
585 516
276 396
492 122
526 37
333 246
421 458
392 371
172 143
474 571
278 454
180 208
455 506
52 17
287 314
264 284
288 249
200 564
283 92
323 209
365 56
92 187
513 484
557 322
264 70
294 541
523 473
149 16
17 437
33 303
151 533
225 77
420 424
41 103
154 363
548 518
56 277
342 568
398 300
291 62
369 222
3 529
95 388
545 348
462 215
51 251
148 512
327 567
574 5
307 365
367 492
283 60
170 263
265 567
562 555
267 568
414 506
135 508
532 317
493 394
531 182
45 317
94 371
284 68
375 229
432 379
121 353
438 290
16 104
495 215
296 162
420 111
305 192
256 237
147 387
32 315
568 313
32 299
85 553
367 97
182 436
114 302
426 551
230 79
292 362
530 226
161 587
573 465
180 229
103 326
253 371
41 221
84 310
520 405
263 524
502 82
597 16
383 62
204 250
140 496
12 308
359 172
295 332
38 474
198 377
437 451
148 478
309 231
425 229
37 88
390 176
169 26
191 189
87 394
77 226
527 88
533 286
260 466
255 534
340 453
311 178
304 458
293 13
89 355
479 362
442 506
537 248
531 365
74 18
397 150
481 324
475 52
248 135
517 502
69 258
592 379
73 296
474 3
546 200
357 425
562 436
331 137
321 500
502 394
517 299
182 398
260 57
450 507
428 367
48 134
262 40
512 571
573 24
573 519
223 330
581 185
403 549
322 124
449 224
156 5
160 337
402 419
31 489
327 458
494 12
591 156
288 141
365 261
164 338
417 24
306 36
209 109
223 168
470 72
29 26
76 188
598
1 2 3 5 6 7 8 9 10 11 12 13 14 15 16 17 18 19 20 21 22 23 24 25 26 27 28 29 30 31 32 33 34 35 36 37 38 39 40 41 42 43 44 45 46 47 48 49 50 51 52 53 54 55 56 57 58 59 60 61 62 63 64 65 66 67 68 69 70 71 72 73 74 75 76 77 78 79 80 81 82 83 84 85 86 87 88 89 90 91 92 93 94 95 96 97 98 99 100 101 102 103 104 105 106 107 108 109 110 111 112 113 114 115 116 117 118 119 120 121 122 123 124 125 126 127 128 129 130 131 132 133 134 135 136 137 138 139 140 141 142 143 144 145 146 147 148 149 150 151 152 153 154 155 156 157 158 159 160 161 162 163 164 165 166 167 168 169 170 171 172 173 174 175 176 177 178 179 180 181 182 183 184 185 186 187 188 189 190 191 192 193 194 195 196 197 198 199 200 201 202 203 204 205 206 207 208 209 210 211 212 213 214 215 216 217 218 219 220 221 222 223 224 225 226 227 228 229 230 231 232 233 234 235 236 237 238 239 240 241 242 243 244 245 246 247 248 249 250 251 252 253 254 255 256 257 258 259 260 261 262 263 264 265 266 267 268 269 270 271 272 273 274 275 276 277 278 279 280 281 282 283 284 285 286 287 288 289 290 291 292 293 294 295 296 297 298 299 300 301 302 303 304 305 306 307 308 309 310 311 312 313 314 315 316 317 318 319 320 321 322 323 324 325 326 327 328 329 330 331 332 333 334 335 336 337 338 339 340 341 342 343 344 345 346 347 348 349 350 351 352 353 354 355 356 357 358 359 360 361 362 363 364 365 366 367 368 369 370 371 372 373 374 375 376 377 378 379 380 381 382 383 384 385 386 387 388 389 390 391 392 393 394 395 396 397 398 399 400 401 402 403 404 405 406 407 408 409 410 411 412 413 414 415 416 417 418 419 420 421 422 423 424 425 426 427 428 429 430 431 432 433 434 435 436 437 438 439 440 441 442 443 444 445 446 447 448 449 450 451 452 453 454 455 456 457 458 459 460 461 462 463 464 465 466 467 468 469 470 471 472 473 474 475 476 477 478 479 480 481 482 483 484 485 486 487 488 489 490 491 492 493 494 495 496 497 498 499 500 501 502 503 504 505 506 507 508 509 510 511 512 513 514 515 516 517 518 519 520 521 522 523 524 525 526 527 528 529 530 531 532 533 534 535 536 537 538 539 540 541 542 543 544 545 546 547 548 549 550 551 552 553 554 555 556 557 558 559 560 561 562 563 564 565 566 567 568 569 570 571 572 573 574 575 576 577 578 579 580 581 582 583 584 585 586 587 588 589 590 591 592 593 594 595 596 597 598 599
