20 100
1 2
2 3
3 4
4 5
5 6
6 7
7 8
8 9
9 10
10 11
11 12
12 13
13 14
14 15
15 16
16 17
17 18
18 19
19 20
20 1
1 7
2 8
3 9
4 10
5 11
6 12
7 13
8 14
9 15
10 16
11 17
12 18
13 19
14 20
15 1
16 2
17 3
18 4
19 5
20 6
4 5
5 6
6 7
7 8
8 9
9 10
10 11
11 12
12 13
13 14
14 15
15 16
16 17
17 18
18 19
19 20
20 1
1 2
2 3
3 4
2 5
3 6
4 7
5 8
6 9
7 10
8 11
9 12
10 13
11 14
12 15
13 16
14 17
15 18
16 19
17 20
18 1
19 2
20 3
1 4
10 3
11 4
12 5
13 6
14 7
15 8
16 9
17 10
18 11
19 12
20 13
1 14
2 15
3 16
4 17
5 18
6 19
7 20
8 1
9 2
6
2 6 9 12 15 19
